1248925454662135809
1248923311716716546
1248904128408875008
1248903978739331072
1248902294449434629
1248901879641149440
1248865861403729921
1248865149189885952
1248864847174893569
1248835049190912000
1248527618434985984
1248483609343717376
1248444808080703490
1248444416747925504
1248443259774365697
1248442808706289665
1248273584742526976
1248271026036682753
1248252096169660419
1248251707118587905
1248247966332121088
1248245406942654469
1248243258200707072
1248242916536926209
1248242226540380160
1248241874235609091
1248241125053190146
1248227723366940672
1248223785188077569
1248222777347158017
1248214609279868928
1248189747912044544
1248166815752060928
1248102977811841025
1248073711359373313
1248073581856055299
1248073098860978177
1248030927906717696
1247828711644098560
1247806430578503684
1247801731783618560
1247769337621929985
1247768686527565824
1247759644627333123
1247759147543564289
1247757468924428288
1247744557963337734
1247725053434683398
1247650503422398465
1247650135011549185
1247647638138150913
1247525959953084419
1247525880093503488
1247399675482660864
1247398301692882944
1247397543215955968
1247397443810906112
1247396727625113600
1247395913892413440
1247395358772097024
1247395128081125376
1247394973957287936
1247304931083575297
1247300135270248449
1247299018163539968
1247262328191479808
1247157244388495360
1247130422942695426
1247129974475120641
1247129148264296448
1247076121234919424
1247044114849267712
1247042596322476033
1247039753469325312
1247001260521218048
1246920712197009408
1246918235586310145
1246917892529983488
1246916797816692737
1246913958163804161
1246913914186547200
1246913244830171136
1246912633514545152
1246886899223891969
1246884974663352320
1246755895557550083
1246731986984566785
1246517270576152576
1246516552771317760
1246384480304021504
1246344680591069186
1246334317992632320
1246333632316243968
1246210440398434304
1246201126241746944
1246199623812710400
1246197346611822592
1246197034509426690
1246055811794620417
1246051107652001796
1246047282941677568
1246046648121167872
1246045300612943872
1245961020817813504
1245921765647212545
1245919871826685955
1245917692734763008
1245917300890324993
1245916811243085824
1245916537795403776
1245916354521083906
1245877939259858945
1245875606601887744
1245733832470355968
1245721479582339077
1245720499641974784
1245717545421684736
1245710474194239488
1245515573514997760
1245485773995954176
1245484903304540160
1245484441574576128
1245484128310456320
1245483876614434816
1245483467489423362
1245479336875970560
1245465729178058753
1245456031502618625
1245455374322302977
1245448982798581760
1245438689288708096
1245300040697925633
1245299328685494277
1245111237119070209
1245088628620972032
1245000865565380615
1244999768226459648
1249004262194995200
1249000995092197377
1249000228788658181
1248999439852662785
1248998270099046401
1248990976242139136
1248988905350684672
1248988479129710592
1248988069123870721
1248986376902553601
1286940245510955010
1286934260637548546
1286909404781060098
1286703185936039941
1286703022307860482
1286701262960902144
1286700888497635329
1286700480807149568
1286700179010097153
1286699628944031746
1286699310411739138
1286699184209330178
1286698812883402752
1286698555743248385
1286698401875103744
1286698123243356166
1286697377655476224
1286696304286949376
1286695760545734657
1286695174635102210
1286694710505922562
1286350697164951552
1286310438666346497
1286287842830770177
1286287639721607174
1286210989067649024
1286148170058092544
1285975978661965825
1285973932902764545
1285896637034803202
1285877886805655552
1285856730371330048
1285855941636677632
1285762597879332864
1285644192098770950
1285613983144333313
1285613693934489600
1285613614645350400
1285596486668038144
1285594281151885312
1285489171386077184
1285477970849591296
1285473139086876675
1285467007513587714
1285464658929827842
1285463898494087169
1285462148005543936
1285461712259346432
1285461229503275015
1285460946790440961
1285460798089789440
1285460485664456704
1285460180256223232
1285410600789569537
1285410353615007745
1285408803727368192
1285408253967384576
1285407366058369024
1285407102521884672
1285406673994039297
1285402601740054528
1285402360357900294
1285402194888454146
1285401133377138689
1285400668220436480
1285400227428446210
1285398703281340416
1285395976950169601
1285342911740051456
1285342697004216320
1285219403777245184
1285219270155100160
1285194848526495746
1285095929486295040
1285081328510103552
1285072606467514368
1285072248836026368
1284891314362789889
1284884365785235457
1284864856613519361
1284817349632122880
1284711786579505153
1284454517480673280
1284371383707824132
1284371222973710345
1284334837935947777
1284326072947888128
1284157280154316800
1284089573203562497
1284081358071984128
1284080226092249088
1284079001615687681
1284078363758350338
1284078121184944128
1284077116993093634
1284075596864032769
1284071824267948034
1284071159286231040
1284070335055159296
1284031919814922241
1283990703396147201
1283990440178417664
1283990217901236228
1283960027586281472
1283959547908911104
1283954887194099712
1283925172961988608
1283413433161887746
1283404907081379841
1283302954359853062
1283275325804122112
1283275183747264512
1283085546533740545
1283085274960916481
1282876039924822016
1282870999805915137
1282870554983202817
1282869604658733056
1282862345035939842
1282707670273683456
1282600344862638080
1282560056056098817
1282557051067981824
1282556331551940609
1282553014637617154
1282381953061105665
1282242195773288448
1282206501348577281
1282206126272966656
1282205215786070017
1281979329430208513
1281978793574326274
1281978161601765376
1281842425875447808
1281841488213626880
1281840746031509504
1281840652683145216
1281808122344964096
1281800327642021888
1281739300011302912
1281652169662324736
